[header]
width=150
height=23
tilewidth=16
tileheight=16
orientation=orthogonal

[tilesets]
tileset=../../../Documents/CS3113/CS3113-master/assets/sprite_sheets/arne_sprites.png,16,16,0,0

[layer]
type=Tile Layer 1
data=
0,0,0,0,0,0,0,0,0,0,0,0,0,0,0,0,0,0,0,0,0,0,0,0,0,0,0,0,0,0,0,0,0,0,0,0,0,0,0,0,0,0,0,0,0,0,0,0,0,0,0,0,0,0,0,0,0,0,0,0,0,0,0,0,0,0,0,0,0,0,0,0,0,0,0,0,0,0,0,0,0,0,0,0,0,0,0,0,0,0,0,0,0,0,0,0,0,0,0,0,0,0,0,0,0,0,0,0,0,0,0,0,0,0,0,0,0,0,0,0,0,0,0,0,0,0,0,0,0,0,0,0,0,0,0,0,0,0,0,0,0,0,0,0,0,0,0,0,0,0,
0,0,0,0,0,0,0,0,0,0,0,0,0,0,0,0,0,0,0,0,0,0,0,0,0,0,0,0,0,0,0,0,0,0,0,0,0,0,0,0,0,0,0,0,0,0,97,98,0,0,0,0,0,0,0,0,0,0,0,0,0,0,0,0,0,0,0,0,0,0,0,0,0,0,0,0,0,0,0,0,0,0,0,0,0,0,0,0,0,0,0,0,0,0,0,0,0,0,0,0,0,0,0,0,0,0,0,0,0,0,0,0,0,0,0,0,0,0,0,0,0,0,0,116,0,0,0,0,0,0,0,0,0,17,17,17,17,17,17,17,17,17,0,0,0,0,0,0,0,0,
0,0,0,0,0,0,0,0,0,0,0,0,0,0,0,0,0,0,0,0,0,0,0,0,0,0,0,0,0,0,0,0,0,0,0,0,0,0,0,0,0,0,0,0,0,0,0,0,0,0,0,0,0,0,0,0,0,0,0,0,113,0,0,0,0,0,0,0,0,0,0,0,0,0,0,0,0,0,0,0,0,0,0,0,0,0,0,0,0,0,0,0,0,0,0,0,0,0,0,0,0,0,0,0,0,0,0,0,0,17,17,17,17,0,0,0,0,0,0,0,0,0,0,0,0,0,0,0,0,0,0,0,17,34,34,34,34,34,34,34,34,34,0,0,0,0,0,0,0,0,
0,0,0,0,0,0,0,0,0,0,0,0,0,0,0,0,0,0,0,0,0,0,0,0,0,0,114,115,0,0,0,0,0,0,0,0,0,0,0,0,0,0,0,0,0,0,0,0,0,0,0,0,0,0,0,0,0,0,0,0,0,0,0,0,0,0,0,0,0,0,0,0,0,0,0,0,0,0,0,0,0,0,0,0,0,0,0,0,0,0,0,0,0,0,0,0,0,0,0,0,0,0,0,0,0,0,0,17,17,34,34,34,34,17,0,0,0,0,0,0,0,0,0,0,0,0,0,0,0,0,0,17,34,34,34,34,34,34,34,34,0,0,0,0,17,17,17,0,17,17,
0,0,0,0,0,0,0,0,0,0,0,0,0,0,0,0,0,0,0,0,0,0,0,0,0,0,0,0,0,0,0,0,0,0,0,0,0,0,0,0,0,0,0,0,0,0,0,0,0,0,0,0,0,0,0,0,0,0,0,0,0,0,0,0,0,0,0,0,0,0,0,0,0,0,0,0,0,0,0,0,0,0,0,0,0,0,0,0,0,0,0,0,0,0,0,0,0,0,0,0,0,0,0,17,17,17,17,34,34,34,34,34,34,34,17,17,0,0,0,0,0,0,0,0,0,0,0,0,0,17,17,34,34,34,34,34,34,34,0,0,0,0,0,17,34,34,34,0,34,34,
0,0,0,0,0,0,0,0,0,0,116,0,0,0,0,0,0,0,0,0,0,0,0,0,0,0,0,0,0,0,0,0,0,0,0,0,0,0,0,0,0,0,0,0,0,0,0,0,0,0,0,0,0,0,0,0,0,0,0,0,0,0,0,0,0,0,0,0,0,0,0,0,0,0,0,0,0,0,0,0,17,17,17,0,0,17,17,17,17,17,0,0,0,0,0,0,0,0,0,0,0,17,17,17,34,34,34,34,34,34,34,34,34,34,34,34,17,0,0,0,0,0,0,0,0,0,0,0,2,34,34,34,34,34,34,34,34,0,0,0,0,0,17,34,34,34,34,0,34,34,
0,0,0,0,0,0,0,0,0,0,0,0,0,0,0,0,0,0,0,0,0,0,0,0,0,0,0,0,0,0,0,0,0,0,113,0,0,0,0,0,0,0,114,115,0,0,0,0,0,0,0,0,0,0,0,0,0,0,0,0,0,0,0,0,0,0,0,0,0,0,0,0,0,0,0,0,0,0,0,17,17,34,34,0,0,0,0,34,34,17,17,0,0,0,0,0,0,0,0,0,0,34,34,34,34,34,34,34,34,34,34,34,34,34,34,34,34,17,0,0,0,0,0,0,0,0,0,17,17,34,34,34,34,34,34,34,0,0,0,0,34,34,34,34,34,34,34,0,34,34,
0,0,0,0,0,0,0,0,0,0,0,0,0,0,0,0,0,0,0,0,0,0,0,0,0,0,0,0,0,0,0,0,0,0,0,0,0,0,0,0,0,0,0,0,0,0,0,0,0,0,0,0,0,0,0,0,0,0,0,0,0,0,0,0,0,0,0,0,0,0,0,0,0,0,0,0,0,0,17,17,34,34,34,34,0,0,0,34,34,34,17,17,0,0,0,0,0,0,0,0,0,34,34,34,34,34,34,34,34,34,34,34,34,34,34,34,34,34,17,17,17,17,17,17,17,17,17,34,34,34,34,34,34,34,0,0,0,0,0,34,34,34,34,34,34,34,34,0,34,34,
0,0,0,0,0,0,0,0,0,0,0,0,0,0,0,0,0,0,0,0,0,0,0,0,0,0,0,0,0,0,0,0,0,0,0,0,0,0,0,0,0,0,0,0,0,0,0,0,0,0,0,0,0,0,0,0,0,0,0,0,0,0,0,0,0,0,0,0,0,0,0,0,0,0,0,0,0,17,17,34,34,34,34,34,34,0,0,0,34,34,34,17,17,17,0,0,0,0,0,0,0,34,34,34,34,34,34,34,34,34,34,34,34,34,34,34,34,34,34,34,34,34,34,34,34,34,34,34,34,34,34,34,0,0,0,0,0,0,34,34,34,34,34,34,34,34,34,0,34,34,
0,0,0,0,0,0,0,0,0,0,0,0,0,0,0,0,0,0,0,0,0,0,0,0,0,0,0,0,0,0,0,0,0,0,0,0,0,0,0,0,0,0,0,0,17,17,17,17,17,17,0,0,0,0,0,0,0,0,0,0,0,0,17,17,0,0,0,0,0,0,113,0,0,0,0,17,17,17,34,34,34,34,34,34,34,34,0,0,0,34,34,34,34,17,0,0,0,0,0,0,0,34,34,34,34,34,34,34,34,34,34,34,34,34,34,34,34,34,34,34,34,34,34,34,34,34,34,34,0,0,0,0,0,0,0,0,0,34,34,34,34,34,34,34,34,34,34,0,34,34,
0,0,0,0,0,0,0,0,0,0,0,0,0,0,0,0,0,0,0,0,17,17,17,0,0,0,0,0,0,0,0,0,0,0,0,0,0,0,0,0,0,0,0,17,34,34,34,34,34,17,0,0,0,0,0,0,0,0,0,0,0,17,34,34,17,0,0,0,0,0,0,0,0,17,17,17,34,34,34,34,34,34,34,34,34,34,34,0,0,0,34,34,34,34,0,0,0,0,0,17,17,34,34,0,0,0,0,0,34,34,34,34,0,0,0,34,34,34,34,34,34,34,34,34,34,34,34,0,0,0,0,0,0,0,0,34,34,34,34,34,34,34,34,34,34,34,34,0,34,34,
0,97,98,0,0,0,0,0,0,0,0,0,0,0,0,0,0,17,17,0,0,0,34,0,0,0,17,17,17,17,0,0,0,0,0,0,0,0,0,0,0,0,17,34,34,34,34,34,34,17,17,17,17,0,0,0,0,0,0,0,17,34,34,34,34,17,0,0,0,0,0,0,17,17,34,34,34,34,34,34,34,34,34,34,34,34,34,34,0,0,0,34,34,34,0,0,0,17,34,34,34,34,34,0,0,0,0,0,0,0,0,0,0,0,0,0,0,34,34,34,34,34,0,0,0,0,0,0,0,0,34,34,34,34,34,34,34,34,34,34,34,34,34,34,34,34,34,0,34,34,
0,0,0,0,0,0,0,0,0,0,0,0,0,0,0,17,17,17,34,0,0,0,0,0,0,0,34,34,34,17,17,17,17,0,0,0,0,0,0,0,0,0,34,34,34,34,34,34,34,34,34,17,17,17,0,0,0,0,0,17,34,34,34,34,34,34,17,0,0,0,0,17,17,34,34,34,34,34,34,34,34,34,34,34,34,34,34,34,34,0,0,0,34,34,0,0,0,34,34,34,34,34,34,34,34,34,34,0,0,0,0,0,0,0,0,0,0,34,34,34,0,0,0,0,0,0,0,34,34,34,34,34,34,34,34,34,34,34,34,34,34,34,34,34,34,34,34,0,34,34,
0,0,0,0,0,0,0,0,0,0,0,0,0,0,17,34,34,34,34,34,34,0,0,0,0,0,34,34,34,34,34,34,17,17,17,17,0,0,0,0,0,0,34,34,34,34,34,34,34,34,34,34,34,17,17,0,0,0,0,34,34,34,34,34,34,34,34,17,0,17,17,34,34,34,34,34,34,34,34,34,34,34,34,34,34,34,34,34,34,34,0,0,0,34,0,0,0,0,34,34,34,34,34,34,34,34,34,34,34,34,0,0,0,0,0,0,0,0,0,0,0,0,0,0,34,34,34,34,34,34,34,34,34,34,34,34,34,34,34,34,34,34,34,34,34,0,0,0,34,34,
17,17,17,17,17,17,17,17,17,17,17,17,17,17,17,34,34,34,34,34,34,34,34,0,0,0,34,34,34,34,34,34,34,34,34,17,0,0,0,0,0,0,34,34,34,34,34,34,34,34,34,34,34,34,17,17,0,0,0,34,34,34,34,34,34,34,34,34,17,17,34,34,34,34,34,34,34,34,34,34,34,34,34,34,34,34,34,34,34,34,34,0,0,0,0,0,0,0,0,34,34,34,34,34,34,34,34,34,34,34,34,34,0,0,0,0,0,0,0,0,0,0,0,34,34,34,34,34,34,34,34,34,34,0,34,0,0,34,34,0,0,34,34,0,0,0,0,0,34,34,
34,34,34,34,34,34,34,34,34,34,34,34,34,34,34,34,34,34,34,34,0,0,0,0,0,34,34,34,34,34,34,34,34,34,34,34,0,0,0,0,0,0,34,34,34,34,34,34,34,34,34,34,34,34,34,34,17,0,0,34,34,34,34,34,34,34,34,34,34,34,34,34,34,34,34,34,34,34,34,34,34,34,34,34,34,34,34,34,34,34,34,34,0,0,0,0,0,0,0,34,34,34,34,34,34,34,34,34,34,34,34,34,34,0,0,0,0,0,0,34,34,34,0,0,0,0,0,0,0,0,0,0,0,0,0,0,0,0,0,0,0,0,0,0,0,0,0,0,34,34,
34,34,34,34,34,34,34,34,34,34,34,34,34,34,34,34,34,34,34,34,0,0,0,0,34,34,34,34,34,34,34,34,34,34,34,34,0,0,0,0,0,0,34,34,34,34,34,34,34,34,34,34,34,34,34,34,34,17,17,34,34,34,34,34,34,34,34,34,34,34,34,34,34,34,34,34,34,34,34,34,34,34,34,34,34,34,34,34,34,34,34,34,34,0,0,0,0,0,0,34,34,34,34,34,34,34,34,34,34,34,34,34,34,34,34,34,34,34,34,34,34,34,34,34,34,34,34,34,34,34,34,34,34,34,34,34,34,34,34,34,34,34,34,34,34,34,34,34,34,34,
34,34,34,34,34,34,34,34,34,34,34,34,34,34,34,34,34,34,34,34,0,0,0,0,0,0,0,0,0,0,0,0,0,0,0,0,0,0,0,0,0,0,34,34,34,34,34,34,34,34,34,34,34,34,34,34,34,34,34,34,34,34,34,34,34,34,34,34,34,34,34,34,34,34,34,34,34,34,34,34,34,34,34,34,34,34,34,34,34,34,34,34,34,34,0,0,0,0,0,34,34,34,34,34,34,34,34,34,34,34,34,34,34,34,34,34,34,34,34,34,34,34,34,34,34,34,34,34,34,34,34,34,34,34,34,34,34,34,34,34,34,34,34,34,34,34,34,34,34,34,
34,34,34,34,34,34,34,34,34,34,34,34,34,34,34,34,34,34,34,34,34,34,34,34,34,34,34,34,34,34,34,34,34,34,34,34,34,34,34,34,34,34,34,34,34,34,34,34,34,34,34,34,34,34,34,34,34,34,34,34,34,34,34,34,34,34,34,34,34,34,34,34,34,34,34,34,34,34,34,34,34,34,34,34,34,34,34,34,34,34,34,34,34,34,17,17,17,17,17,34,34,34,34,34,34,34,34,34,34,34,34,34,34,34,34,34,34,34,34,34,34,34,34,34,34,34,34,34,34,34,34,34,34,34,34,34,34,34,34,34,34,34,34,34,34,34,34,34,34,34,
34,34,34,34,34,34,34,34,34,34,34,34,34,34,34,34,34,34,34,34,34,34,34,34,34,34,34,34,34,34,34,34,34,34,34,34,34,34,34,34,34,34,34,34,34,34,34,34,34,34,34,34,34,34,34,34,34,34,34,34,34,34,34,34,34,34,34,34,34,34,34,34,34,34,34,34,34,34,34,34,34,34,34,34,34,34,34,34,34,34,34,34,34,34,34,34,34,34,34,34,34,34,34,34,34,34,34,34,34,34,34,34,34,34,34,34,34,34,34,34,34,34,34,34,34,34,34,34,34,34,34,34,34,34,34,34,34,34,34,34,34,34,34,34,34,34,34,34,34,34,
34,34,34,34,34,34,34,34,34,34,34,34,34,34,34,34,34,34,34,34,34,34,34,34,34,34,34,34,34,34,34,34,34,34,34,34,34,34,34,34,34,34,34,34,34,34,34,34,34,34,34,34,34,34,34,34,34,34,34,34,34,34,34,34,34,34,34,34,34,34,34,34,34,34,34,34,34,34,34,34,34,34,34,34,34,34,34,34,34,34,34,34,34,34,34,34,34,34,34,34,34,34,34,34,34,34,34,34,34,34,34,34,34,34,34,34,34,34,34,34,34,34,34,34,34,34,34,34,34,34,34,34,34,34,34,34,34,34,34,34,34,34,34,34,34,34,34,34,34,34,
34,34,34,34,34,34,34,34,34,34,34,34,34,34,34,34,34,34,34,34,34,34,34,34,34,34,34,34,34,34,34,34,34,34,34,34,34,34,34,34,34,34,34,34,34,34,34,34,34,34,34,34,34,34,34,34,34,34,34,34,34,34,34,34,34,34,34,34,34,34,34,34,34,34,34,34,34,34,34,34,34,34,34,34,34,34,34,34,34,34,34,34,34,34,34,34,34,34,34,34,34,34,34,34,34,34,34,34,34,34,34,34,34,34,34,34,34,34,34,34,34,34,34,34,34,34,34,34,34,34,34,34,34,34,34,34,34,34,34,34,34,34,34,34,34,34,34,34,34,34,
34,34,34,34,34,34,34,34,34,34,34,34,34,34,34,34,34,34,34,34,34,34,34,34,34,34,34,34,34,34,34,34,34,34,34,34,34,34,34,34,34,34,34,34,34,34,34,34,34,34,34,34,34,34,34,34,34,34,34,34,34,34,34,34,34,34,34,34,34,34,34,34,34,34,34,34,34,34,34,34,34,34,34,34,34,34,34,34,34,34,34,34,34,34,34,34,34,34,34,34,34,34,34,34,34,34,34,34,34,34,34,34,34,34,34,34,34,34,34,34,34,34,34,34,34,34,34,34,34,34,34,34,34,34,34,34,34,34,34,34,34,34,34,34,34,34,34,34,34,34

[Object Layer 1]
# player1
type=player1
location=15,222,0,0

[Object Layer 1]
# player2
type=player2
location=15,173,0,0

[Object Layer 1]
# pink1
type=pink1
location=559,211,0,0

[Object Layer 1]
# pink2
type=pink2
location=926,258,0,0

[Object Layer 1]
# pink3
type=pink3
location=1406,193,0,0

[Object Layer 1]
# pink5
type=pink5
location=1997,117,0,0

[Object Layer 1]
# pink7
type=pink7
location=2350.82,71.19,0,0

[Object Layer 1]
# pink6
type=pink6
location=2141.48,124.51,0,0

[Object Layer 1]
# pink4
type=pink4
location=1618,80,0,0

[Object Layer 1]
# star2
type=star2
location=1492,269,0,0

[Object Layer 1]
# star1
type=star1
location=323,284,0,0

[Object Layer 1]
# star3
type=star3
location=1836,61,0,0

[Object Layer 1]
# bomb2
type=bomb2
location=672,176,0,0

[Object Layer 1]
# bomb1
type=bomb1
location=351,162,0,0

[Object Layer 1]
# bomb7
type=bomb7
location=2347,143,0,0

[Object Layer 1]
# bomb5
type=bomb5
location=2148,178,0,0

[Object Layer 1]
# bomb4
type=bomb4
location=1758,226,0,0

[Object Layer 1]
# bomb6
type=bomb6
location=2127,235,0,0

[Object Layer 1]
# bomb3
type=bomb3
location=1552,179,0,0

[Object Layer 1]
# goal
type=goal
location=1653,181,0,0